/#| OE | CCKEN | CCLR | RCO | Q_file | #\ 

/# CLEAR CHECK #\

0 1 0 1        00000000
0 1 1 1        00000000
0 1 1 1        00000000

/# CNT EN #\

0 0 1 1        00000000
0 0 1 1        00000000
0 0 1 1        00000001
0 0 1 1        00000001
0 0 1 1        00000010
0 0 1 1        00000010
0 0 1 1        00000011
0 0 1 1        00000011
0 0 1 1        00000100
0 0 1 1        00000100

/# CNT DIS #\

0 1 1 1        00000101
0 1 1 1        00000101
0 1 1 1        00000101
0 1 1 1        00000101
0 1 1 1        00000101
0 1 1 1        00000101
0 1 1 1        00000101
0 1 1 1        00000101

/# CNT EN #\

0 0 1 1        00000101
0 0 1 1        00000101
0 0 1 1        00000110
0 0 1 1        00000110
0 0 1 1        00000111
0 0 1 1        00000111
0 0 1 1        00001000
0 0 1 1        00001000
0 0 1 1        00001001
0 0 1 1        00001001

/# CLEAR CHECK #\

0 0 0 1        00001010
0 0 1 1        00001010
0 0 1 1        00000001
0 0 1 1        00000001

0 0 1 1        00000010
0 0 1 1        00000010
0 0 1 1        00000011


/# FAILRUE CHECK #\

0 0 1 1        00100101
0 0 1 0        00110101
0 0 1 0        00100110
0 0 1 1        11000110
0 0 1 0        00000111
0 0 1 1        00000111
0 0 1 0        00001000
0 0 1 1        00111000
0 0 1 0        00001000
0 0 1 1        01001001

/# TRI_STATE CHECK #\

1 0 1 1        ZZZZZZZZ
1 0 1 1        ZZZZZZZZ
1 0 1 1        ZZZZZZZZ
1 0 1 1        ZZZZZZZZ
1 0 1 1        ZZZZZZZZ
1 0 1 1        ZZZZZZZZ
1 0 1 1        ZZZZZZZZ
1 0 1 1        ZZZZZZZZ
1 0 1 1        ZZZZZZZZ
1 0 1 1        ZZZZZZZZ
1 0 1 1        ZZZZZZZZ
1 0 1 1        ZZZZZZZZ
1 0 1 1        ZZZZZZZZ
1 0 1 1        ZZZZZZZZ
1 0 1 1        ZZZZZZZZ
1 0 1 1        ZZZZZZZZ
1 0 1 1        ZZZZZZZZ
1 0 1 1        ZZZZZZZZ
1 0 1 1        ZZZZZZZZ
1 0 1 1        ZZZZZZZZ
1 0 1 1        ZZZZZZZZ
1 0 1 1        ZZZZZZZZ
